[[ 1  2 -1  0  8  1  1  2  7 -1 -1]: Multiply

 [ 3 -1  7  0  0 -1 -1 -1 -1 -1 -1]: 7

 [ 1  1 -1  0  7  1  5  6  1 -1 -1]: Subtract

 [ 1  2 -1  0  5  1  3  4  1 -1 -1]: Multiply
 [ 1  0 -1  0  3  1  1  2  1 -1 -1]: Add
 [ 3 -1  2  0  1 -1 -1 -1 -1 -1 -1]: 2
 [ 2 -1  0  0  2 -1 -1 -1 -1 -1 -1]: 5
 [ 2 -1  1  0  4 -1 -1 -1 -1 -1 -1]: 2

 [ 3 -1 10  0  6 -1 -1 -1 -1 -1 -1]]: 10

28



(((2+5) * 2) - 10) * 7

14-10 = 4 * 7 = 28

(((2+2) * 5) - 10) * 7
4*5 = 20 - 10 = 10 * 7 = 70




[[ 1  4 -1  0 20  1  7  8  1  9  1]: If 2 > 0

 [ 1  0 -1  0 17  1  5  6  1 -1 -1]: Add 0+2 = 2
 [ 1  3 -1  0 15  1  1  2  3 -1 -1]: > - 5 > 35 = 0 
 [ 2 -1  0  0 11 -1 -1 -1 -1 -1 -1]: 5
 [ 1  2 -1  0 14  1  1  2  1 -1 -1]: Muliply 7*5 = 35
 [ 3 -1  7  0 12 -1 -1 -1 -1 -1 -1]: 7
 [ 2 -1  0  0 13 -1 -1 -1 -1 -1 -1]: 5
 [ 2 -1  1  0 16 -1 -1 -1 -1 -1 -1]: 2

 [ 2 -1  1  0 18 -1 -1 -1 -1 -1 -1]: 2

 [ 2 -1  0  0 19 -1 -1 -1 -1 -1 -1]]: 5
2



[[ 1  4 -1  0 20  1  7  8  1  9  1]: If 5 > 0

 [ 1  0 -1  0 17  1  5  6  1 -1 -1]: Add 0+5 = 5
 [ 1  3 -1  0 15  1  1  2  3 -1 -1]: > - 2 > 14 = 0 
 [ 2 -1  0  0 11 -1 -1 -1 -1 -1 -1]: 2
 [ 1  2 -1  0 14  1  1  2  1 -1 -1]: Muliply 7*2 = 14
 [ 3 -1  7  0 12 -1 -1 -1 -1 -1 -1]: 7
 [ 2 -1  0  0 13 -1 -1 -1 -1 -1 -1]: 2
 [ 2 -1  1  0 16 -1 -1 -1 -1 -1 -1]: 5

 [ 2 -1  1  0 18 -1 -1 -1 -1 -1 -1]: 5

 [ 2 -1  0  0 19 -1 -1 -1 -1 -1 -1]]: 2
5

